TECHNOLOGIES	 c_inv	 c_maint	 lifetime	  f_min	 f	 f_max	 fmin_perc	f_perc	 fmax_perc	 c_p	 c_p_max	 tau	 gwp_constr
 UNITS	[M€/GW]	 [M€/GW/y]	 [y]	 [GW or GWh]	 [GW or GWh]	 [GW or GWh]	 [0-1]	 [0-1]	 [0-1]	 [0-1]	 [0-1]	 [-]	 [ktCO2-eq./GW or GWh] 
NUCLEAR	0.000000	0.000000	60.000000	0.000000	0.000000	0.000000	0.000000	0.000000	1.000000	0.000000	0.849000	0.025393	0.000000
CCGT	7969.056090	201.831387	25.000000	0.000000	10.613097	Infinity	0.000000	0.361399	1.000000	0.576635	0.961540	0.048263	1950.581084
CCGT_AMMONIA	0.000578	0.000015	25.000000	0.000000	0.000001	Infinity	0.000000	0.000000	1.000000	0.000627	0.630000	0.048263	0.000141
COAL_US	0.000000	0.000000	35.000000	0.000000	0.000000	0.000000	0.000000	0.000000	1.000000	0.000000	0.868000	0.036934	0.000000
COAL_IGCC	0.000000	0.000000	35.000000	0.000000	0.000000	0.000000	0.000000	0.000000	1.000000	0.000000	0.856000	0.036934	0.000000
PV	33616.087510	383.898929	25.000000	0.000000	52.611452	59.200000	0.000000	0.355911	1.000000	0.114556	1.000000	0.048263	109507.055367
WIND_ONSHORE	9788.199999	113.845000	30.000000	0.000000	10.000000	10.000000	0.000000	0.138961	1.000000	0.235314	1.000000	0.041639	6228.499999
WIND_OFFSHORE	27919.199986	194.247600	30.000000	0.000000	6.000000	6.000000	0.000000	0.140536	1.000000	0.396636	1.000000	0.041639	3737.099998
HYDRO_RIVER	580.165794	5.801152	40.000000	0.000000	0.115000	0.115000	0.000000	0.003194	1.000000	0.470299	1.000000	0.033427	145.224299
GEOTHERMAL	0.000000	0.000000	30.000000	0.000000	0.000000	0.000000	0.000000	0.000000	1.000000	0.000000	0.950000	0.041639	0.000000
IND_COGEN_GAS	2354.282037	151.330474	25.000000	0.000000	1.797436	Infinity	0.000000	0.218643	1.000000	0.844423	0.850000	0.048263	1841.149929
IND_COGEN_WOOD	0.000615	0.000023	25.000000	0.000000	0.000001	Infinity	0.000000	0.000000	1.000000	0.001055	0.850000	0.048263	0.000101
IND_COGEN_WASTE	0.000778	0.000029	25.000000	0.000000	0.000000	Infinity	0.000000	0.000000	1.000000	0.001256	0.850000	0.048263	0.000190
IND_BOILER_GAS	0.000783	0.000016	17.000000	0.000000	0.000013	Infinity	0.000000	0.000000	1.000000	0.014295	0.950000	0.067080	0.000164
IND_BOILER_WOOD	0.000517	0.000010	17.000000	0.000000	0.000004	Infinity	0.000000	0.000000	1.000000	0.004155	0.900000	0.067080	0.000130
IND_BOILER_OIL	0.000325	0.000007	17.000000	0.000000	0.000006	Infinity	0.000000	0.000000	1.000000	0.001417	0.950000	0.067080	0.000073
IND_BOILER_COAL	399.585378	7.991673	17.000000	0.000000	3.469225	Infinity	0.000000	0.449777	1.000000	0.900000	0.900000	0.067080	167.147278
IND_BOILER_WASTE	213.239952	4.264781	17.000000	0.000000	1.851363	Infinity	0.000000	0.240025	1.000000	0.900000	0.900000	0.067080	53.448840
IND_DIRECT_ELEC	2377.569601	10.785627	15.000000	0.000000	7.154028	Infinity	0.000000	0.091555	1.000000	0.088840	0.950000	0.074944	10.516421
DHN_HP_ELEC	2165.187010	73.419313	25.000000	0.000000	6.813478	Infinity	0.000000	1.000000	1.000000	0.663545	0.950000	0.048263	1190.927804
DHN_COGEN_GAS	0.001454	0.000043	25.000000	0.000000	0.000001	Infinity	0.000000	0.000000	1.000000	0.005253	0.850000	0.048263	0.000612
DHN_COGEN_WOOD	0.000476	0.000017	25.000000	0.000000	0.000000	Infinity	0.000000	0.000000	1.000000	0.000640	0.850000	0.048263	0.000078
DHN_COGEN_WASTE	0.000620	0.000023	25.000000	0.000000	0.000000	Infinity	0.000000	0.000000	1.000000	0.000624	0.850000	0.048263	0.000151
DHN_COGEN_WET_BIOMASS	0.000642	0.000052	25.000000	0.000000	0.000001	Infinity	0.000000	0.000000	1.000000	0.002448	0.750000	0.048263	0.000514
DHN_COGEN_BIO_HYDROLYSIS	0.001428	0.000070	15.000000	0.000000	0.000000	Infinity	0.000000	0.000000	1.000000	0.002723	0.850000	0.074944	0.000219
DHN_BOILER_GAS	0.000086	0.000002	17.000000	0.000000	0.000001	Infinity	0.000000	0.000000	1.000000	0.001115	0.950000	0.067080	0.000018
DHN_BOILER_WOOD	0.000160	0.000003	17.000000	0.000000	0.000001	Infinity	0.000000	0.000000	1.000000	0.001009	0.900000	0.067080	0.000040
DHN_BOILER_OIL	0.000076	0.000002	17.000000	0.000000	0.000001	Infinity	0.000000	0.000000	1.000000	0.000706	0.950000	0.067080	0.000017
DHN_DEEP_GEO	0.000000	0.000000	30.000000	0.000000	0.000000	0.000000	0.000000	0.000000	1.000000	0.000000	0.850000	0.041639	0.000000
DHN_SOLAR	0.000337	0.000000	30.000000	0.000000	0.000001	Infinity	0.000000	0.000000	1.000000	0.000484	1.000000	0.041639	0.000215
DEC_HP_ELEC	8381.107425	349.449658	18.000000	0.000000	18.479720	Infinity	0.000000	0.994008	1.000000	0.452604	1.000000	0.063806	3047.121036
DEC_THHP_GAS	32.797451	0.958564	20.000000	0.000000	0.112714	Infinity	0.000000	0.005992	1.000000	0.447336	1.000000	0.058246	43.048767
DEC_COGEN_GAS	0.001094	0.000070	20.000000	0.000000	0.000001	Infinity	0.000000	0.000000	1.000000	0.002665	1.000000	0.058246	0.000855
DEC_COGEN_OIL	0.000749	0.000046	20.000000	0.000000	0.000001	Infinity	0.000000	0.000000	1.000000	0.000898	1.000000	0.058246	0.000632
DEC_ADVCOGEN_GAS	0.001930	0.000036	20.000000	0.000000	0.000000	Infinity	0.000000	0.000000	1.000000	0.001244	1.000000	0.058246	0.000749
DEC_ADVCOGEN_H2	0.001176	0.000022	20.000000	0.000000	0.000000	Infinity	0.000000	0.000000	1.000000	0.000293	1.000000	0.058246	0.000456
DEC_BOILER_GAS	0.000674	0.000020	17.000000	0.000000	0.000004	Infinity	0.000000	0.000000	1.000000	0.002188	1.000000	0.067080	0.000090
DEC_BOILER_WOOD	0.000789	0.000028	17.000000	0.000000	0.000002	Infinity	0.000000	0.000000	1.000000	0.001502	1.000000	0.067080	0.000036
DEC_BOILER_OIL	0.000529	0.000032	17.000000	0.000000	0.000004	Infinity	0.000000	0.000000	1.000000	0.001017	1.000000	0.067080	0.000078
DEC_SOLAR	0.005608	0.000062	20.000000	0.000000	0.000008	Infinity	0.000000	0.000000	1.000000	0.003947	1.000000	0.058246	0.001801
DEC_DIRECT_ELEC	0.000604	0.000003	15.000000	0.000000	0.000016	Infinity	0.000000	0.000000	1.000000	0.000993	1.000000	0.074944	0.000023
TRAMWAY_TROLLEY	4977.081346	99.541627	30.000000	0.000000	7.963330	Infinity	0.000000	0.300000	0.300000	0.342470	0.342470	0.041639	0.000000
BUS_COACH_DIESEL	0.002461	0.000119	15.000000	0.000000	0.000004	Infinity	0.000000	0.000000	1.000000	0.011654	0.296800	0.074944	0.000000
BUS_COACH_HYDIESEL	0.000145	0.000006	15.000000	0.000000	0.000000	Infinity	0.000000	0.000000	1.000000	0.000658	0.296800	0.074944	0.000000
BUS_COACH_CNG_STOICH	13463.625783	655.120014	15.000000	0.000000	21.440260	Infinity	0.000000	0.700000	1.000000	0.296800	0.296800	0.074944	0.000000
BUS_COACH_FC_HYBRIDH2	0.000171	0.000005	15.000000	0.000000	0.000000	Infinity	0.000000	0.000000	1.000000	0.000516	0.296800	0.074944	0.000000
TRAIN_PUB	0.000526	0.000019	40.000000	0.000000	0.000000	Infinity	0.000000	0.000000	0.500000	0.001056	0.275070	0.033427	0.000000
CAR_GASOLINE	0.000069	0.000004	10.000000	0.000000	0.000000	Infinity	0.000000	0.000000	1.000000	0.000106	0.051370	0.108434	0.000000
CAR_DIESEL	0.000044	0.000002	10.000000	0.000000	0.000000	Infinity	0.000000	0.000000	1.000000	0.000091	0.051370	0.108434	0.000000
CAR_NG	0.000048	0.000003	10.000000	0.000000	0.000000	Infinity	0.000000	0.000000	1.000000	0.000081	0.051370	0.108434	0.000000
CAR_METHANOL	0.000051	0.000003	10.000000	0.000000	0.000000	Infinity	0.000000	0.000000	1.000000	0.000132	0.051370	0.108434	0.000000
CAR_HEV	0.000064	0.000005	10.000000	0.000000	0.000000	Infinity	0.000000	0.000000	1.000000	0.000125	0.051370	0.108434	0.000000
CAR_PHEV	0.021101	0.001554	10.000000	0.000000	0.000046	Infinity	0.000000	0.000000	1.000000	0.014954	0.051370	0.108434	0.000000
CAR_BEV	73381.906094	1769.645889	10.000000	0.000000	176.964589	Infinity	0.000000	1.000000	1.000000	0.051370	0.051370	0.108434	0.000000
CAR_FUEL_CELL	0.000074	0.000001	10.000000	0.000000	0.000000	Infinity	0.000000	0.000000	1.000000	0.000107	0.051370	0.108434	0.000000
TRAIN_FREIGHT	807.210507	16.143514	40.000000	0.000000	7.730420	Infinity	0.000000	1.000000	1.000000	0.342470	0.342470	0.033427	0.000000
BOAT_FREIGHT_DIESEL	0.000014	0.000001	40.000000	0.000000	0.000000	Infinity	0.000000	0.000000	1.000000	0.000219	0.114160	0.033427	0.000000
BOAT_FREIGHT_NG	2184.553015	106.290053	40.000000	0.000000	27.828701	Infinity	0.000000	1.000000	1.000000	0.114160	0.114160	0.033427	0.000000
BOAT_FREIGHT_METHANOL	0.000008	0.000000	40.000000	0.000000	0.000000	Infinity	0.000000	0.000000	1.000000	0.000196	0.114160	0.033427	0.000000
TRUCK_DIESEL	0.000013	0.000001	15.000000	0.000000	0.000000	Infinity	0.000000	0.000000	1.000000	0.000038	0.092590	0.074944	0.000000
TRUCK_METHANOL	0.000031	0.000001	15.000000	0.000000	0.000000	Infinity	0.000000	0.000000	1.000000	0.000089	0.092590	0.074944	0.000000
TRUCK_FUEL_CELL	20835.635378	621.044294	15.000000	0.000000	51.467617	Infinity	0.000000	1.000000	1.000000	0.092590	0.092590	0.074944	0.000000
TRUCK_ELEC	0.000009	0.000000	15.000000	0.000000	0.000000	Infinity	0.000000	0.000000	1.000000	0.000028	0.092590	0.074944	0.000000
TRUCK_NG	0.000392	0.000019	15.000000	0.000000	0.000001	Infinity	0.000000	0.000000	1.000000	0.000962	0.092590	0.074944	0.000000
HABER_BOSCH	0.000579	0.000011	20.000000	0.000000	0.000001	Infinity	0.000000	1.000000	1.000000	0.000850	1.000000	0.058246	0.000000
SYN_METHANOLATION	0.000636	0.000018	20.000000	0.000000	0.000001	Infinity	0.000000	0.000000	1.000000	0.001784	0.950000	0.058246	0.000000
METHANE_TO_METHANOL	0.000748	0.000033	25.000000	0.000000	0.000001	Infinity	0.000000	0.000001	1.000000	0.008638	0.850000	0.048263	0.000000
BIOMASS_TO_METHANOL	3005.136605	45.911809	20.000000	0.000000	1.703592	Infinity	0.000000	0.999999	1.000000	1.000000	1.000000	0.058246	0.000000
OIL_TO_HVC	1339.704021	7.122553	15.000000	0.000000	3.666203	Infinity	0.000000	0.749419	1.000000	1.000000	1.000000	0.074944	0.000000
GAS_TO_HVC	0.000630	0.000016	25.000000	0.000000	0.000001	Infinity	0.000000	0.000000	1.000000	0.000694	1.000000	0.048263	0.000000
BIOMASS_TO_HVC	0.002047	0.000061	20.000000	0.000000	0.000002	Infinity	0.000000	0.000000	1.000000	0.014202	1.000000	0.058246	0.000000
METHANOL_TO_HVC	790.676142	71.160485	20.000000	0.000000	1.225854	Infinity	0.000000	0.250580	1.000000	1.000000	1.000000	0.058246	0.000000
PHS	382.191025	0.000000	50.000000	5.000000	6.499847	6.500000	0.000000	-1.000000	1.000000	0.019063	1.000000	0.028572	
BATT_LI	0.007773	0.000012	15.000000	0.000000	0.000050	Infinity	0.000000	-1.000000	1.000000	0.015870	1.000000	0.074944	
BEV_BATT	0.000000	0.000000	1.000000	0.000000	175.560108	Infinity	0.000000	-1.000000	1.000000	0.003753	1.000000	1.015000	
PHEV_BATT	0.000000	0.000000	1.000000	0.000000	0.000009	Infinity	0.000000	-1.000000	1.000000	0.000644	1.000000	1.015000	
TS_DEC_DIRECT_ELEC	0.001445	0.000010	20.000000	0.000000	0.000076	Infinity	0.000000	-1.000000	1.000000	0.000931	1.000000	0.058246	
TS_DEC_HP_ELEC	1071.791443	7.503105	20.000000	0.000000	56.499285	Infinity	0.000000	-1.000000	1.000000	0.033463	1.000000	0.058246	
TS_DEC_THHP_GAS	2.655768	0.018592	20.000000	0.000000	0.139998	Infinity	0.000000	-1.000000	1.000000	0.053806	1.000000	0.058246	
TS_DEC_COGEN_GAS	0.001435	0.000010	20.000000	0.000000	0.000076	Infinity	0.000000	-1.000000	1.000000	0.000890	1.000000	0.058246	
TS_DEC_COGEN_OIL	0.001444	0.000010	20.000000	0.000000	0.000076	Infinity	0.000000	-1.000000	1.000000	0.000767	1.000000	0.058246	
TS_DEC_ADVCOGEN_GAS	0.001432	0.000010	20.000000	0.000000	0.000075	Infinity	0.000000	-1.000000	1.000000	0.000783	1.000000	0.058246	
TS_DEC_ADVCOGEN_H2	0.001415	0.000010	20.000000	0.000000	0.000075	Infinity	0.000000	-1.000000	1.000000	0.000538	1.000000	0.058246	
TS_DEC_BOILER_GAS	0.001443	0.000010	20.000000	0.000000	0.000076	Infinity	0.000000	-1.000000	1.000000	0.001039	1.000000	0.058246	
TS_DEC_BOILER_WOOD	0.001449	0.000010	20.000000	0.000000	0.000076	Infinity	0.000000	-1.000000	1.000000	0.000801	1.000000	0.058246	
TS_DEC_BOILER_OIL	0.001465	0.000010	20.000000	0.000000	0.000077	Infinity	0.000000	-1.000000	1.000000	0.000909	1.000000	0.058246	
TS_DHN_DAILY	0.002622	0.000008	40.000000	0.000000	0.000874	Infinity	0.000000	-1.000000	1.000000	0.001207	1.000000	0.033427	
TS_DHN_SEASONAL	475.228904	2.586342	25.000000	0.000000	913.901739	Infinity	0.000000	-1.000000	1.000000	0.001444	1.000000	0.048263	
TS_HIGH_TEMP	51.380612	0.549917	25.000000	0.000000	1.833058	Infinity	0.000000	-1.000000	1.000000	0.037604	1.000000	0.048263	
GAS_STORAGE	1123.031938	29.423437	50.000000	0.000000	22460.638753	Infinity	0.000000	-1.000000	1.000000	0.000141	1.000000	0.028572	
H2_STORAGE	0.129595	0.008165	20.000000	0.000000	0.020936	Infinity	0.000000	-1.000000	1.000000	0.005948	1.000000	0.058246	
DIESEL_STORAGE	0.009089	0.000364	20.000000	0.000000	0.908868	Infinity	0.000000	-1.000000	1.000000	0.000000	1.000000	0.058246	
GASOLINE_STORAGE	0.009073	0.000363	20.000000	0.000000	0.907299	Infinity	0.000000	-1.000000	1.000000	0.000000	1.000000	0.058246	
LFO_STORAGE	0.009051	0.000362	20.000000	0.000000	0.905103	Infinity	0.000000	-1.000000	1.000000	0.000195	1.000000	0.058246	
AMMONIA_STORAGE	0.008950	0.000358	20.000000	0.000000	0.895049	Infinity	0.000000	-1.000000	1.000000	0.000049	1.000000	0.058246	
METHANOL_STORAGE	0.008967	0.000359	20.000000	0.000000	0.896671	Infinity	0.000000	-1.000000	1.000000	0.000000	1.000000	0.058246	
CO2_STORAGE	0.023792	0.000238	30.000000	0.000000	0.000481	Infinity	0.000000	-1.000000	1.000000	0.000011	1.000000	0.041639	
EFFICIENCY	5517.241379	0.000000	1.000000	0.000000	0.985222	Infinity	0.000000	-1.000000	1.000000	0.000000	1.000000	1.015000	
DHN	6126.368974	0.000000	60.000000	0.000000	7.417989	Infinity	0.000000	-1.000000	1.000000	0.000000	1.000000	0.025393	
GRID	100154.352191	0.000000	80.000000	0.000000	1.336834	Infinity	0.000000	-1.000000	1.000000	0.000000	1.000000	0.021548	
H2_ELECTROLYSIS	0.004864	0.000134	15.000000	0.000000	0.000010	Infinity	0.000000	-1.000000	1.000000	0.017244	0.900000	0.074944	
SMR	1302.820835	120.224623	25.000000	0.000000	2.067182	Infinity	0.000000	-1.000000	1.000000	0.860000	0.860000	0.048263	
H2_BIOMASS	0.000399	0.000028	25.000000	0.000000	0.000000	Infinity	0.000000	-1.000000	1.000000	0.000363	0.860000	0.048263	
GASIFICATION_SNG	0.000522	0.000037	25.000000	0.000000	0.000000	Infinity	0.000000	-1.000000	1.000000	0.000838	0.850000	0.048263	
SYN_METHANATION	0.000140	0.000036	40.000000	0.000000	0.000001	Infinity	0.000000	-1.000000	1.000000	0.000931	1.000000	0.033427	
BIOMETHANATION	0.001750	0.000024	20.000000	0.000000	0.000002	Infinity	0.000000	-1.000000	1.000000	0.014892	0.850000	0.058246	
BIO_HYDROLYSIS	3254.493863	221.894999	15.000000	0.000000	2.209867	Infinity	0.000000	-1.000000	1.000000	0.850000	0.850000	0.074944	
PYROLYSIS_TO_LFO	0.000637	0.000029	25.000000	0.000000	0.000001	Infinity	0.000000	-1.000000	1.000000	0.002688	0.850000	0.048263	
PYROLYSIS_TO_FUELS	0.000552	0.000015	25.000000	0.000000	0.000001	Infinity	0.000000	-1.000000	1.000000	0.000355	0.850000	0.048263	
ATM_CCS	0.000787	0.000020	40.000000	0.000000	0.000000	Infinity	0.000000	-1.000000	1.000000	0.000197	1.000000	0.033427	
INDUSTRY_CCS	0.000804	0.000020	40.000000	0.000000	0.000000	Infinity	0.000000	-1.000000	1.000000	0.000477	1.000000	0.033427	
AMMONIA_TO_H2	0.000353	0.000033	25.000000	0.000000	0.000001	Infinity	0.000000	-1.000000	1.000000	0.001202	0.860000	0.048263	