TECHNOLOGIES	 c_inv	 c_maint	 lifetime	  f_min	 f	 f_max	 fmin_perc	f_perc	 fmax_perc	 c_p	 c_p_max	 tau	 gwp_constr
 UNITS	[M€/GW]	 [M€/GW/y]	 [y]	 [GW or GWh]	 [GW or GWh]	 [GW or GWh]	 [0-1]	 [0-1]	 [0-1]	 [0-1]	 [0-1]	 [-]	 [ktCO2-eq./GW or GWh] 
NUCLEAR	0.000000	0.000000	60.000000	0.000000	0.000000	0.000000	0.000000	0.000000	1.000000	0.000000	0.843906	0.025393	0.000000
CCGT	943.196339	23.579908	25.000000	1.050320	1.050330	1.050330	0.000000	0.307092	1.000000	0.363548	0.363548	0.048263	193.040150
CCGT_AMMONIA	0.000000	0.000000	25.000000	0.000000	0.000000	0.000000	0.000000	0.000000	1.000000	0.000000	0.590000	0.048263	0.000000
COAL_US	0.000000	0.000000	35.000000	0.000000	0.000000	0.000000	0.000000	0.000000	1.000000	0.000000	0.865396	0.036934	0.000000
COAL_IGCC	0.000000	0.000000	35.000000	0.000000	0.000000	0.000000	0.000000	0.000000	1.000000	0.000000	0.853432	0.036934	0.000000
PV	179.017962	4.431374	25.000000	0.170300	0.170310	0.170310	0.000000	0.032164	1.000000	0.234825	1.000000	0.048263	354.488366
WIND_ONSHORE	208.219097	3.120950	30.000000	0.127800	0.127810	0.127810	0.000000	0.010975	1.000000	0.106775	1.000000	0.041639	79.606455
WIND_OFFSHORE	0.000000	0.000000	30.000000	0.000000	0.000000	0.000000	0.000000	0.000000	1.000000	0.000000	1.000000	0.041639	0.000000
HYDRO_RIVER	57.827632	0.578276	40.000000	0.028900	0.028910	0.028910	0.000000	0.009105	1.000000	0.391617	1.000000	0.033427	36.508127
GEOTHERMAL	0.000000	0.000000	30.000000	0.000000	0.000000	0.000000	0.000000	0.000000	1.000000	0.000000	0.914000	0.041639	0.000000
OCGT	1245.572225	18.683915	25.000000	1.059060	1.059070	1.059070	0.000000	0.289952	1.000000	0.340423	0.340423	0.048263	194.646475
GENSET_DIESEL	180.808159	2.712123	25.000000	0.470120	0.470120	0.470130	0.000000	0.021158	1.000000	0.055961	0.064521	0.048263	242.840495
HYDRO_DAM	1563.626879	15.636267	40.000000	0.708700	0.708710	0.708710	0.000000	0.287794	1.000000	0.504931	1.000000	0.033427	894.973166
ST_BIOMASS	260.137331	6.034059	25.000000	0.151500	0.151510	0.151510	0.000000	0.041483	1.000000	0.340445	0.340445	0.048263	25.049148
ST_SNG	0.991924	0.014879	25.000000	0.001000	0.001010	0.001010	0.000000	0.000277	1.000000	0.340446	0.340445	0.048263	1.034562
IND_COGEN_GAS	0.000000	0.000000	25.000000	0.000000	0.000000	0.000000	0.000000	0.000000	1.000000	0.000000	0.844900	0.048263	0.000000
IND_COGEN_WOOD	0.000000	0.000000	25.000000	0.000000	0.000000	0.000000	0.000000	0.000000	1.000000	0.000000	0.844900	0.048263	0.000000
IND_COGEN_WASTE	0.000000	0.000000	25.000000	0.000000	0.000000	0.000000	0.000000	0.000000	1.000000	0.000000	0.844900	0.048263	0.000000
IND_BOILER_GAS	68.399849	1.370381	17.000000	0.967867	0.967877	0.967877	0.000000	0.552170	1.000000	0.944300	0.944300	0.067080	11.924241
IND_BOILER_WOOD	86.434471	1.728629	17.000000	0.625330	0.625340	0.625340	0.000000	0.337978	1.000000	0.894600	0.894600	0.067080	18.053561
IND_BOILER_OIL	0.103579	0.002228	17.000000	0.001563	0.001573	0.001573	0.000000	0.000898	1.000000	0.944300	0.944300	0.067080	0.019385
IND_BOILER_COAL	0.000000	0.000000	17.000000	0.000000	0.000000	0.000000	0.000000	0.000000	1.000000	0.000000	0.894600	0.067080	0.000000
IND_BOILER_WASTE	0.000000	0.000000	17.000000	0.000000	0.000000	0.000000	0.000000	0.000000	1.000000	0.000000	0.894600	0.067080	0.000000
IND_DIRECT_ELEC	0.000000	0.000000	15.000000	0.000000	0.000000	0.000000	0.000000	0.000000	1.000000	0.000000	0.944300	0.074944	0.000000
IND_ENG_DIESEL	69.913028	1.048696	25.000000	0.181781	0.181781	0.181791	0.000000	0.098818	1.000000	0.899795	0.900000	0.048263	93.899049
IND_BURNER_LPG	1.255644	0.025157	17.000000	0.017758	0.017768	0.017768	0.000000	0.010136	1.000000	0.944300	0.944300	0.067080	0.218898
DHN_HP_ELEC	0.000000	0.000000	25.000000	0.000000	0.000000	0.000000	0.000000	0.000000	1.000000	0.000000	0.944300	0.048263	0.000000
DHN_COGEN_GAS	0.000000	0.000000	25.000000	0.000000	0.000000	0.000000	0.000000	0.000000	1.000000	0.000000	0.844900	0.048263	0.000000
DHN_COGEN_WOOD	0.000000	0.000000	25.000000	0.000000	0.000000	0.000000	0.000000	0.000000	1.000000	0.000000	0.844900	0.048263	0.000000
DHN_COGEN_WASTE	0.000000	0.000000	25.000000	0.000000	0.000000	0.000000	0.000000	0.000000	1.000000	0.000000	0.844900	0.048263	0.000000
DHN_COGEN_WET_BIOMASS	0.000000	0.000000	25.000000	0.000000	0.000000	0.000000	0.000000	0.000000	1.000000	0.000000	0.745500	0.048263	0.000000
DHN_COGEN_BIO_HYDROLYSIS	0.000000	0.000000	15.000000	0.000000	0.000000	0.000000	0.000000	0.000000	1.000000	0.000000	0.844900	0.074944	0.000000
DHN_BOILER_GAS	0.000000	0.000000	17.000000	0.000000	0.000000	Infinity	0.000000	0.000000	1.000000	0.000000	0.944300	0.067080	0.000000
DHN_BOILER_WOOD	0.000000	0.000000	17.000000	0.000000	0.000000	0.000000	0.000000	0.000000	1.000000	0.000000	0.894600	0.067080	0.000000
DHN_BOILER_OIL	0.000000	0.000000	17.000000	0.000000	0.000000	Infinity	0.000000	0.000000	1.000000	0.000000	0.944300	0.067080	0.000000
DHN_DEEP_GEO	0.000000	0.000000	30.000000	0.000000	0.000000	0.000000	0.000000	0.000000	1.000000	0.000000	0.844900	0.041639	0.000000
DHN_SOLAR	0.000000	0.000000	30.000000	0.000000	0.000000	0.000000	0.000000	0.000000	1.000000	0.000000	1.000000	0.041639	0.000000
DEC_HP_ELEC	0.000000	0.000000	18.000000	0.000000	0.000000	0.000000	0.000000	0.000000	1.000000	0.000000	1.000000	0.063806	0.000000
DEC_THHP_GAS	0.000000	0.000000	20.000000	0.000000	0.000000	0.000000	0.000000	0.000000	1.000000	0.000000	1.000000	0.058246	0.000000
DEC_COGEN_GAS	0.000000	0.000000	20.000000	0.000000	0.000000	0.000000	0.000000	0.000000	1.000000	0.000000	1.000000	0.058246	0.000000
DEC_COGEN_OIL	0.000000	0.000000	20.000000	0.000000	0.000000	0.000000	0.000000	0.000000	1.000000	0.000000	1.000000	0.058246	0.000000
DEC_ADVCOGEN_GAS	0.000000	0.000000	20.000000	0.000000	0.000000	0.000000	0.000000	0.000000	1.000000	0.000000	1.000000	0.058246	0.000000
DEC_ADVCOGEN_H2	0.000000	0.000000	20.000000	0.000000	0.000000	0.000000	0.000000	0.000000	1.000000	0.000000	1.000000	0.058246	0.000000
DEC_BOILER_GAS	0.997888	0.029943	17.000000	0.005235	0.005245	0.005245	0.000000	0.024888	1.000000	0.999998	1.000000	0.067080	0.110626
DEC_BOILER_WOOD	0.000000	0.000000	17.000000	0.000000	0.000000	0.000000	0.000000	0.000000	1.000000	0.000000	1.000000	0.067080	0.000000
DEC_BOILER_OIL	0.000000	0.000000	17.000000	0.000000	0.000000	0.000000	0.000000	0.000000	1.000000	0.000000	1.000000	0.067080	0.000000
DEC_SOLAR	8.992765	0.109632	25.000000	0.007398	0.007408	0.007408	0.000000	0.006378	1.000000	0.181472	1.000000	0.048263	1.638698
DEC_DIRECT_ELEC	8.962449	0.039177	15.000000	0.204181	0.205514	0.209481	0.000000	0.968734	1.000000	0.993459	1.000000	0.074944	0.302105
STOVE_WOOD	0.000000	0.000000	10.000000	0.014319	0.014329	0.014329	0.000000	0.024764	1.000000	0.997837	1.000000	0.108434	1.074680
STOVE_LPG	0.000000	0.000000	10.000000	0.424846	0.424856	0.424856	0.000000	0.735834	1.000000	1.000000	1.000000	0.108434	31.864204
STOVE_NG	0.000000	0.000000	10.000000	0.133838	0.133848	0.133848	0.000000	0.231819	1.000000	1.000000	1.000000	0.108434	10.038592
STOVE_OIL	0.000000	0.000000	10.000000	0.001969	0.001979	0.001979	0.000000	0.003409	1.000000	0.994522	1.000000	0.108434	0.148420
STOVE_ELEC	0.000000	0.000000	10.000000	0.012843	0.012853	0.012853	0.000000	0.004174	1.000000	0.187499	0.187500	0.108434	0.964002
TRAMWAY_TROLLEY	117.719795	1.471497	30.000000	0.000000	0.117720	Infinity	0.063229	0.063229	0.063229	0.342466	0.342466	0.041639	0.000000
BUS_COACH_DIESEL	535.561789	17.696893	15.000000	0.000000	0.579171	Infinity	0.269605	0.269605	0.269605	0.296804	0.296804	0.074944	0.000000
BUS_COACH_HYDIESEL	0.000000	0.000000	15.000000	0.000000	0.000000	0.000000	0.000000	0.000000	1.000000	0.000000	0.296804	0.074944	0.000000
BUS_COACH_CNG_STOICH	455.906777	14.881979	15.000000	0.000000	0.487047	Infinity	0.226721	0.226721	0.226721	0.296804	0.296804	0.074944	0.000000
BUS_COACH_FC_HYBRIDH2	0.000000	0.000000	15.000000	0.000000	0.000000	0.000000	0.000000	0.000000	1.000000	0.000000	0.296804	0.074944	0.000000
TRAIN_PUB	0.000000	0.000000	40.000000	0.000000	0.000000	0.000000	0.000000	0.000000	1.000000	0.000000	0.275073	0.033427	0.000000
BUS_COACH_GASOLINE	880.300290	28.910713	15.000000	0.000000	0.946169	Infinity	0.440444	0.440444	0.440444	0.296804	0.296804	0.074944	0.000000
CAR_GASOLINE	0.000000	0.000000	10.000000	0.000000	71.114577	Infinity	0.469825	0.469825	0.469825	0.051370	0.051370	0.108434	0.000000
CAR_DIESEL	0.000000	0.000000	10.000000	0.000000	43.530820	Infinity	0.287590	0.287590	0.287590	0.051370	0.051370	0.108434	0.000000
CAR_NG	0.000000	0.000000	10.000000	0.000000	36.606693	Infinity	0.241846	0.241846	0.241846	0.051370	0.051370	0.108434	0.000000
CAR_METHANOL	0.000000	0.000000	10.000000	0.000000	0.000000	0.000000	0.000000	0.000000	1.000000	0.000000	0.051370	0.108434	0.000000
CAR_HEV	0.000000	0.000000	10.000000	0.000000	0.000000	0.000000	0.000000	0.000000	1.000000	0.000000	0.051370	0.108434	0.000000
CAR_PHEV	0.000000	0.000000	10.000000	0.000000	0.000000	0.000000	0.000000	0.000000	1.000000	0.000000	0.051370	0.108434	0.000000
CAR_BEV	0.000000	0.000000	10.000000	0.000000	5.873404	Infinity	0.000739	0.000739	0.000739	0.000978	0.051370	0.108434	0.000000
CAR_FUEL_CELL	0.000000	0.000000	10.000000	0.000000	0.000000	0.000000	0.000000	0.000000	1.000000	0.000000	0.051370	0.108434	0.000000
TRAIN_FREIGHT	5.872447	0.117444	40.000000	0.000000	0.056239	Infinity	1.000000	1.000000	1.000000	0.342466	0.342466	0.033427	0.000000
BOAT_FREIGHT_DIESEL	0.000000	0.000000	40.000000	0.000000	0.017627	Infinity	1.000000	1.000000	1.000000	0.114155	0.114155	0.033427	0.000000
BOAT_FREIGHT_NG	0.000000	0.000000	40.000000	0.000000	0.000000	0.000000	0.000000	0.000000	1.000000	0.000000	0.114155	0.033427	0.000000
BOAT_FREIGHT_METHANOL	0.000000	0.000000	40.000000	0.000000	0.000000	0.000000	0.000000	0.000000	1.000000	0.000000	0.114155	0.033427	0.000000
TRUCK_DIESEL	0.000000	0.000000	15.000000	0.000000	16.218276	Infinity	1.000000	1.000000	1.000000	0.092593	0.092593	0.074944	0.000000
TRUCK_METHANOL	0.000000	0.000000	15.000000	0.000000	0.000000	0.000000	0.000000	0.000000	1.000000	0.000000	0.092593	0.074944	0.000000
TRUCK_FUEL_CELL	0.000000	0.000000	15.000000	0.000000	0.000000	0.000000	0.000000	0.000000	1.000000	0.000000	0.092593	0.074944	0.000000
TRUCK_ELEC	0.000000	0.000000	15.000000	0.000000	0.000000	0.000000	0.000000	0.000000	1.000000	0.000000	0.092593	0.074944	0.000000
TRUCK_NG	0.000000	0.000000	15.000000	0.000000	0.000000	0.000000	0.000000	0.000000	1.000000	0.000000	0.092593	0.074944	0.000000
AIR_LFO	0.000000	0.000000	15.000000	0.000000	2.133408	Infinity	1.000000	1.000000	1.000000	0.114155	0.114155	0.074944	0.000000
HABER_BOSCH	0.000000	0.000000	20.000000	0.000000	0.000000	0.000000	0.000000	0.000000	1.000000	0.000000	0.994000	0.058246	0.000000
SYN_METHANOLATION	0.000000	0.000000	20.000000	0.000000	0.000000	0.000000	0.000000	0.000000	1.000000	0.000000	0.944300	0.058246	0.000000
METHANE_TO_METHANOL	0.000000	0.000000	25.000000	0.000000	0.000000	0.000000	0.000000	0.000000	1.000000	0.000000	0.844900	0.048263	0.000000
BIOMASS_TO_METHANOL	0.000000	0.000000	20.000000	0.000000	0.000000	0.000000	0.000000	0.000000	1.000000	0.000000	0.994000	0.058246	0.000000
OIL_TO_HVC	11.081739	0.058916	15.000000	0.000000	0.024651	Infinity	0.121949	0.121949	0.121949	0.993753	0.994000	0.074944	0.000000
GAS_TO_HVC	161.076265	4.026907	25.000000	0.000000	0.177446	Infinity	0.878051	0.878051	0.878051	0.994000	0.994000	0.048263	0.000000
BIOMASS_TO_HVC	0.000000	0.000000	20.000000	0.000000	0.000000	0.000000	0.000000	0.000000	1.000000	0.000000	0.994000	0.058246	0.000000
METHANOL_TO_HVC	0.000000	0.000000	20.000000	0.000000	0.000000	0.000000	0.000000	0.000000	1.000000	0.000000	0.994000	0.058246	0.000000
PHS	0.000000	0.000000	50.000000	0.000000	0.000000	0.000000	0.000000	-1.000000	1.000000	0.000000	1.000000	0.028572	
BATT_LI	0.000000	0.000000	15.000000	0.000000	0.000000	0.000000	0.000000	-1.000000	1.000000	0.000000	1.000000	0.074944	
BEV_BATT	0.000000	0.000000	1.000000	0.000000	5.826790	Infinity	0.000000	-1.000000	1.000000	0.001559	1.000000	1.015000	
PHEV_BATT	0.000000	0.000000	1.000000	0.000000	0.000000	0.000000	0.000000	-1.000000	1.000000	0.000000	1.000000	1.015000	
TS_DEC_DIRECT_ELEC	0.000000	0.000000	20.000000	0.000000	0.000000	0.000000	0.000000	-1.000000	1.000000	0.000000	1.000000	0.058246	
TS_DEC_HP_ELEC	0.000000	0.000000	20.000000	0.000000	0.000000	0.000000	0.000000	-1.000000	1.000000	0.000000	1.000000	0.058246	
TS_DEC_THHP_GAS	0.000000	0.000000	20.000000	0.000000	0.000000	0.000000	0.000000	-1.000000	1.000000	0.000000	1.000000	0.058246	
TS_DEC_COGEN_GAS	0.000000	0.000000	20.000000	0.000000	0.000000	0.000000	0.000000	-1.000000	1.000000	0.000000	1.000000	0.058246	
TS_DEC_COGEN_OIL	0.000000	0.000000	20.000000	0.000000	0.000000	0.000000	0.000000	-1.000000	1.000000	0.000000	1.000000	0.058246	
TS_DEC_ADVCOGEN_GAS	0.000000	0.000000	20.000000	0.000000	0.000000	0.000000	0.000000	-1.000000	1.000000	0.000000	1.000000	0.058246	
TS_DEC_ADVCOGEN_H2	0.000000	0.000000	20.000000	0.000000	0.000000	0.000000	0.000000	-1.000000	1.000000	0.000000	1.000000	0.058246	
TS_DEC_BOILER_GAS	0.000000	0.000000	20.000000	0.000000	0.000000	0.000000	0.000000	-1.000000	1.000000	0.000000	1.000000	0.058246	
TS_DEC_BOILER_WOOD	0.000000	0.000000	20.000000	0.000000	0.000000	0.000000	0.000000	-1.000000	1.000000	0.000000	1.000000	0.058246	
TS_DEC_BOILER_OIL	0.000000	0.000000	20.000000	0.000000	0.000000	0.000000	0.000000	-1.000000	1.000000	0.000000	1.000000	0.058246	
TS_DHN_DAILY	0.000000	0.000000	40.000000	0.000000	0.000000	0.000000	0.000000	-1.000000	1.000000	0.000000	1.000000	0.033427	
TS_DHN_SEASONAL	0.000000	0.000000	25.000000	0.000000	0.000000	0.000000	0.000000	-1.000000	1.000000	0.000000	1.000000	0.048263	
TS_HIGH_TEMP	0.000000	0.000000	25.000000	0.000000	0.000000	0.000000	0.000000	-1.000000	1.000000	0.000000	1.000000	0.048263	
GAS_STORAGE	0.000000	0.000000	50.000000	0.000000	0.000000	0.000000	0.000000	-1.000000	1.000000	0.000000	1.000000	0.028572	
H2_STORAGE	0.000000	0.000000	20.000000	0.000000	0.000000	0.000000	0.000000	-1.000000	1.000000	0.000000	1.000000	0.058246	
DIESEL_STORAGE	0.000000	0.000000	20.000000	0.000000	0.000000	0.000000	0.000000	-1.000000	1.000000	0.000000	1.000000	0.058246	
GASOLINE_STORAGE	0.000000	0.000000	20.000000	0.000000	0.000000	0.000000	0.000000	-1.000000	1.000000	0.000000	1.000000	0.058246	
LFO_STORAGE	0.000000	0.000000	20.000000	0.000000	0.000000	0.000000	0.000000	-1.000000	1.000000	0.000000	1.000000	0.058246	
AMMONIA_STORAGE	0.000000	0.000000	20.000000	0.000000	0.000000	0.000000	0.000000	-1.000000	1.000000	0.000000	1.000000	0.058246	
METHANOL_STORAGE	0.000000	0.000000	20.000000	0.000000	0.000000	0.000000	0.000000	-1.000000	1.000000	0.000000	1.000000	0.058246	
CO2_STORAGE	0.000000	0.000000	30.000000	0.000000	0.000000	0.000000	0.000000	-1.000000	1.000000	0.000000	1.000000	0.041639	
EFFICIENCY	142.108374	0.000000	1.000000	0.000000	0.985222	Infinity	0.000000	-1.000000	1.000000	0.000000	1.000000	1.015000	
DHN	0.000000	0.000000	60.000000	0.000000	0.000000	0.000000	0.000000	-1.000000	1.000000	0.000000	1.000000	0.025393	
GRID	810.197358	0.000000	80.000000	0.000000	1.000009	Infinity	0.000000	-1.000000	1.000000	0.000000	1.000000	0.021548	
H2_ELECTROLYSIS	0.000000	0.000000	15.000000	0.000000	0.000000	0.000000	0.000000	-1.000000	1.000000	0.000000	0.894600	0.074944	
SMR	0.000000	0.000000	25.000000	0.000000	0.000000	0.000000	0.000000	-1.000000	1.000000	0.000000	0.854840	0.048263	
H2_BIOMASS	0.000000	0.000000	25.000000	0.000000	0.000000	0.000000	0.000000	-1.000000	1.000000	0.000000	0.854840	0.048263	
GASIFICATION_SNG	0.000000	0.000000	25.000000	0.000000	0.000000	0.000000	0.000000	-1.000000	1.000000	0.000000	0.844900	0.048263	
SYN_METHANATION	0.000000	0.000000	40.000000	0.000000	0.000000	0.000000	0.000000	-1.000000	1.000000	0.000000	1.000000	0.033427	
BIOMETHANATION	0.000000	0.000000	20.000000	0.000000	0.000000	0.000000	0.000000	-1.000000	1.000000	0.000000	0.844900	0.058246	
BIO_HYDROLYSIS	0.000000	0.000000	15.000000	0.000000	0.000000	0.000000	0.000000	-1.000000	1.000000	0.000000	0.844900	0.074944	
PYROLYSIS_TO_FUELS	0.000000	0.000000	25.000000	0.000000	0.000000	0.000000	0.000000	-1.000000	1.000000	0.000000	0.844900	0.048263	
PYROLYSIS_TO_LFO	0.000000	0.000000	25.000000	0.000000	0.000000	0.000000	0.000000	-1.000000	1.000000	0.000000	0.844900	0.048263	
ATM_CCS	0.000000	0.000000	40.000000	0.000000	0.000000	0.000000	0.000000	-1.000000	1.000000	0.000000	1.000000	0.033427	
INDUSTRY_CCS	0.000000	0.000000	40.000000	0.000000	0.000000	0.000000	0.000000	-1.000000	1.000000	0.000000	1.000000	0.033427	
AMMONIA_TO_H2	0.000000	0.000000	25.000000	0.000000	0.000000	0.000000	0.000000	-1.000000	1.000000	0.000000	0.854840	0.048263	
FERMENTATION_TO_BIOETHANOL	66.455969	3.020541	25.000000	0.026010	0.026020	0.026020	0.000000	-1.000000	1.000000	0.919999	0.920000	0.048263	
ESTERIFICATION_TO_BIODIESEL	0.000000	0.000000	25.000000	0.000000	0.000000	0.000000	0.000000	-1.000000	1.000000	0.000000	0.844900	0.048263	